
 0 1 0 0 1 1 0 1 1 1 0 1 1 1 0 0 1 1
 1 0 1 1 0 0 1 1 0 1 1 0 0 0 0 0 0 0
 0 1 0 1 1 1 0 0 0 0 1 1 1 1 0 0 0 0
 0 1 1 0 1 0 1 1 0 0 1 0 0 1 0 0 1 1
 1 0 1 1 0 0 0 1 1 1 0 1 1 0 0 1 1 1
 1 0 1 0 0 0 1 0 1 0 1 1 0 0 1 1 1 1
 0 1 0 1 0 1 0 1 1 1 1 1 0 0 0 0 0 1
 1 1 0 1 1 0 1 0 0 1 0 1 0 1 0 0 0 1
 1 0 0 0 1 1 1 0 0 0 0 0 1 1 0 1 1 0
 1 1 0 0 1 0 1 1 0 0 0 0 1 1 0 1 1 1
 0 1 1 1 0 1 1 0 0 0 0 0 1 0 0 1 0 0
 1 0 1 0 1 1 1 1 0 0 0 0 0 1 0 0 0 0
 1 0 1 0 1 0 0 0 1 1 1 0 0 0 0 1 1 1
 1 0 1 1 0 0 0 1 1 1 0 1 0 0 0 1 0 1
 0 0 0 0 0 1 0 0 0 0 0 0 0 0 0 0 0 0
 0 0 0 0 1 1 0 0 1 1 1 0 1 1 0 0 1 1
 1 0 0 1 1 1 0 0 1 1 0 0 1 0 0 1 0 1
 1 0 0 1 1 1 1 1 0 1 0 0 1 1 0 1 1 0
Vertice[0] =>  1 4 5 7 8
Vertice[1] =>  0 2 3 6 7
Vertice[2] =>  1 3 4 5 10
Vertice[3] =>  1 2 4 6 7
Vertice[4] =>  0 2 3 7 8
Vertice[5] =>  0 2 6 8 10
Vertice[6] =>  1 3 5 7 8
Vertice[7] =>  0 1 3 4 6
Vertice[8] =>  0 4 5 6 12
Vertice[9] =>  0 1 4 6 7
Vertice[10] =>  1 2 3 5 6
Vertice[11] =>  0 2 4 5 6
Vertice[12] =>  0 2 4 8 9
Vertice[13] =>  0 2 3 7 8
Vertice[14] =>  5
Vertice[15] =>  4 5 8 9 10
Vertice[16] =>  0 3 4 5 8
Vertice[17] =>  0 3 4 5 6
